7722 7518
906 1474
859 1688
425 3358
2312 8232
5322 1618
4438 1697
1205 5119
2043 6171
2861 7151
5110 9476
875 5472
1929 6541
7880 2719
8841 6596
5847 9674
3428 7281
2570 8118
2444 9719
1723 640
6313 4817
6494 3354
9493 6350
3807 7120
5358 878
3261 8740
3113 5317
1961 5444
7805 4248
5720 9793
2550 6813
7605 3010
8061 1549
9658 8686
3976 5345
4883 1584
3813 7427
6079 528
2921 8988
8381 1410
1412 8651
1741 9057
7082 7662
2382 1624
8455 9475
6200 4821
4219 9804
8847 1292
515 9029
1540 617
6726 4650
8762 4511
160 4918
913 9494
7716 7456
1240 947
1172 1925
5652 6704
3067 4612
4731 1135
9375 5560
9078 1043
4650 5917
6087 7876
954 4609
1414 6085
371 5443
2598 7971
5627 5842
5544 6520
1449 3580
2984 5984
6164 2583
9588 3467
1440 8636
7706 8023
6846 6023
577 1545
7361 5893
4221 5994
3118 5054
1545 4061
780 3433
6926 2390
3702 6714
2278 7180
9156 3466
2294 8733
8293 1245
2366 9575
2971 4268
6150 7479
4612 3245
5807 2891
8981 5838
8401 4408
6561 2251
4546 81
7218 2228
7708 2646
1441 6930
7267 7286
2099 865
6913 4310
8496 3323
3253 4765
7815 9824
7825 1632
286 7696
4186 2970
3656 2402
3417 979
4523 714
1340 7857
8853 6955
4560 2322
6147 9863
9133 5374
4901 517
7001 1376
2449 8807
3163 3277
8281 8499
7345 7641
8342 8655
3589 4169
1022 1828
7422 3887
1673 5983
1114 5621
7446 769
2469 2367
7303 7447
2214 1771
5650 6850
5079 7217
2114 5803
7342 990
9814 1942
8378 59
4081 4142
9899 9652
7931 7407
3718 1844
9001 6646
9020 2154
6016 5872
5415 6687
4710 5991
2620 856
6302 9540
8514 4908
8750 3841
6317 1368
8755 3345
4286 9885
892 185
2558 6641
1734 2559
7670 5142
5611 8177
1883 7905
1822 7957
8509 1799
7034 96
7877 6347
6553 8452
3649 1638
5814 2149
6314 2403
984 6783
2119 8217
3118 1812
7665 5751
8248 6001
6848 3062
1222 6906
8132 1574
7632 979
3001 3079
9475 9715
1119 320
5283 2972
7597 5123
393 3189
851 4263
7213 3640
5278 1672
4613 142
8261 3600
6598 1833
2564 8460
9307 2216
754 9344
9474 9173
66 989
5674 7773
3586 6731
1565 5262
5922 612
6672 586
9761 2094
3298 3558
5604 6100
6299 5571
9731 7075
5034 1663
1242 4989
3099 7239
199 4598
9129 808
4840 5879
246 1343
418 1834
2990 6276
9221 8451
2737 9235
860 7986
8868 1102
9394 9928
3974 5552
869 2859
1308 5660
6264 1644
3551 9474
7264 1274
2803 9971
7181 9643
3601 8484
278 9816
5060 5642
2782 2183
5523 7603
2949 6919
8708 4637
975 7981
932 220
7327 6605
2245 912
4042 5404
5744 4079
3227 225
5108 9500
229 9488
4152 4231
3256 2135
6961 8409
3559 5741
4515 4331